StoneMazePath,9209,9211,1426,1428
StoneMazePath,9209,9211,1435,1437
StoneMazePath,9212,9214,1420,1422
StoneMazeSpiderRoom,9209,9214,1441,1446
StoneMazePath,9209,9211,1420,1422
StoneMazePath,9209,9211,1417,1419
StoneMazePath,9209,9211,1423,1425
StoneMazeEndChest,9212,9214,1417,1419
StoneMazePath,9209,9211,1414,1416
StoneMazePath,9212,9214,1414,1416
StoneMazePath,9212,9214,1411,1413
StoneMazePath,9212,9214,1408,1410
StoneMazePath,9209,9211,1411,1413
StoneMazePath,9209,9211,1408,1410
StoneMazePath,9209,9211,1405,1407
