P_LargeShip,9272,9332,1231,1249
RLCraft_DecentZombie,9447,9447,1228,1228
RLCraft_UndergroundRuin3,9441,9449,1225,1233
StoneMazeStudy,9236,9250,1420,1428
StoneMazePath,9242,9244,1426,1428
StoneMazePathBig,9239,9247,1429,1437
StoneMazePath,9242,9244,1438,1440
StoneMazePath,9248,9250,1432,1434
StoneMazePath,9248,9250,1429,1431
StoneMazeEndChest,9242,9244,1441,1443
StoneMazePath,9239,9241,1438,1440
StoneMazePath,9239,9241,1441,1443
StoneMazePath,9227,9229,1426,1428
StoneMazeShootingRange,9221,9226,1426,1434
StoneMazePath,9251,9253,1432,1434
StoneMazePath,9248,9250,1435,1437
StoneMazePath,9227,9229,1423,1425
StoneMazeSpiderRoom,9227,9232,1429,1434
StoneMazePath,9227,9229,1420,1422
StoneMazePath,9239,9241,1444,1446
StoneMazePathBig,9212,9220,1423,1431
StoneMazePath,9224,9226,1420,1422
StoneMazePathBig,9212,9220,1432,1440
StoneMazePath,9224,9226,1423,1425
StoneMazePath,9221,9223,1435,1437
StoneMazePath,9215,9217,1420,1422
StoneMazePath,9236,9238,1432,1434
StoneMazePath,9239,9241,1447,1449
StoneMazePath,9251,9253,1435,1437
StoneMazePath,9221,9223,1423,1425
StoneMazeShootingRange,9233,9238,1438,1446
StoneMazePath,9236,9238,1447,1449
StoneMazePath,9215,9217,1441,1443
StoneMazePath,9233,9235,1447,1449
StoneMazePath,9221,9223,1420,1422
StoneMazePath,9218,9220,1420,1422
StoneMazePath,9218,9220,1441,1443
StoneMazeEndChest,9236,9238,1435,1437
StoneMazePath,9230,9232,1444,1446
StoneMazePath,9224,9226,1417,1419
StoneMazePath,9215,9217,1417,1419
StoneMazePath,9224,9226,1414,1416
StoneMazePath,9215,9217,1444,1446
StoneMazePath,9230,9232,1441,1443
StoneMazeSpiderRoom,9227,9232,1435,1440
StoneMazeEndChest,9230,9232,1447,1449
StoneMazeEndChest,9251,9253,1429,1431
StoneMazeLitRoom,9224,9229,1408,1413
StoneMazeLitRoom,9230,9235,1408,1413
StoneMazePath,9215,9217,1414,1416
StoneMazePath,9227,9229,1414,1416
StoneMazePath,9224,9226,1405,1407
StoneMazePath,9236,9238,1408,1410
StoneMazePath,9221,9223,1414,1416
StoneMazePath,9218,9220,1414,1416
StoneMazePath,9218,9220,1417,1419
StoneMazePath,9227,9229,1405,1407
StoneMazePath,9221,9223,1405,1407
StoneMazePath,9227,9229,1402,1404
StoneMazeEndChest,9224,9226,1435,1437
StoneMazePath,9224,9226,1402,1404
StoneMazePath,9236,9238,1411,1413
StoneMazePath,9221,9223,1417,1419
StoneMazePath,9218,9220,1444,1446
StoneMazeLitRoom,9230,9235,1414,1419
StoneMazePath,9227,9229,1417,1419
StoneMazePath,9230,9232,1420,1422
StoneMazePath,9242,9244,1447,1449
StoneMazePath,9233,9235,1420,1422
StoneMazePath,9239,9241,1411,1413
StoneMazePath,9221,9223,1411,1413
StoneMazePath,9218,9220,1447,1449
StoneMazePath,9215,9217,1447,1449
StoneMazePath,9236,9238,1414,1416
StoneMazePath,9221,9223,1447,1449
StoneMazePath,9230,9232,1405,1407
StoneMazePath,9239,9241,1408,1410
StoneMazePath,9236,9238,1417,1419
StoneMazePath,9242,9244,1411,1413
StoneMazeEndChest,9230,9232,1402,1404
StoneMazeFountain,9245,9253,1408,1416
StoneMazePath,9224,9226,1447,1449
StoneMazePath,9242,9244,1444,1446
StoneMazePath,9221,9223,1402,1404
StoneMazeEndChest,9227,9229,1447,1449
StoneMazePath,9221,9223,1444,1446
StoneMazePath,9233,9235,1405,1407
StoneMazePath,9254,9256,1411,1413
StoneMazePath,9242,9244,1414,1416
StoneMazePathBig,9245,9253,1441,1449
StoneMazePath,9242,9244,1417,1419
StoneMazePath,9236,9238,1405,1407
StoneMazePath,9215,9217,1411,1413
StoneMazePath,9236,9238,1402,1404
StoneMazePath,9221,9223,1408,1410
StoneMazePath,9233,9235,1402,1404
StoneMazePath,9239,9241,1405,1407
StoneMazePath,9221,9223,1441,1443
StoneMazePath,9224,9226,1444,1446
StoneMazePath,9254,9256,1444,1446
StoneMazePath,9242,9244,1408,1410
StoneMazePath,9224,9226,1441,1443
StoneMazePath,9218,9220,1408,1410
StoneMazePath,9242,9244,1405,1407
StoneMazePath,9218,9220,1402,1404
StoneMazePath,9242,9244,1402,1404
StoneMazePath,9218,9220,1405,1407
StoneMazeEndChest,9254,9256,1441,1443
StoneMazePath,9227,9229,1444,1446
StoneMazePath,9248,9250,1438,1440
StoneMazePath,9215,9217,1408,1410
StoneMazePath,9251,9253,1438,1440
StoneMazePath,9239,9241,1402,1404
StoneMazePath,9245,9247,1417,1419
StoneMazePath,9254,9256,1438,1440
StoneMazePath,9254,9256,1435,1437
StoneMazePath,9215,9217,1405,1407
StoneMazePath,9254,9256,1432,1434
StoneMazePath,9248,9250,1417,1419
StoneMazeEndChest,9218,9220,1411,1413
StoneMazePath,9215,9217,1402,1404
StoneMazePath,9251,9253,1417,1419
StoneMazePath,9251,9253,1420,1422
StoneMazeEndChest,9239,9241,1414,1416
StoneMazeEndChest,9245,9247,1438,1440
StoneMazePath,9254,9256,1447,1449
StoneMazePath,9254,9256,1429,1431
StoneMazePath,9251,9253,1423,1425
StoneMazePath,9254,9256,1423,1425
StoneMazePath,9221,9223,1438,1440
StoneMazePath,9254,9256,1420,1422
StoneMazePath,9251,9253,1426,1428
StoneMazePath,9254,9256,1426,1428
StoneMazePath,9245,9247,1405,1407
StoneMazePath,9254,9256,1417,1419
StoneMazePath,9254,9256,1414,1416
StoneMazePagoda,9209,9256,1402,1449
RLCraft_BasicWitch,9229,9229,1165,1165
RLCraft_UndergroundRuin1,9226,9235,1162,1171
