ShrineSmallFire,1730,1740,2145,2155
P_LargeShip,1854,1872,2111,2171
StonePlantBoulder,2031,2041,2186,2196
StoneMazeFountain,1583,1591,2218,2226
StoneMazePathBig,1598,1606,2221,2229
StoneMazePath,1595,1597,2224,2226
StoneMazePath,1592,1594,2224,2226
StoneMazePath,1592,1594,2221,2223
StoneMazePath,1592,1594,2227,2229
StoneMazePath,1586,1588,2227,2229
StoneMazePath,1586,1588,2230,2232
StoneMazePath,1583,1585,2230,2232
StoneMazePath,1592,1594,2230,2232
StoneMazePath,1589,1591,2227,2229
StoneMazeEndChest,1592,1594,2218,2220
StoneMazePath,1592,1594,2233,2235
StoneMazePath,1589,1591,2233,2235
StoneMazePath,1583,1585,2227,2229
StoneMazePath,1589,1591,2230,2232
StoneMazePath,1586,1588,2233,2235
StoneMazePath,1595,1597,2227,2229
StoneMazePath,1583,1585,2233,2235
StoneMazePath,1595,1597,2230,2232
StoneMazeEndChest,1595,1597,2233,2235
StoneMazeSmall,1583,1606,2212,2235
P_IslandCity,1411,1745,2079,2385
P_SmallShip,1769,1775,2245,2265
