UndergroundCrypt,2034,2062,2093,2107
StoneMazeFountain,2270,2278,2064,2072
StoneMazePath,2267,2269,2067,2069
StoneMazePathBig,2273,2281,2049,2057
StoneMazePath,2267,2269,2064,2066
StoneMazePath,2276,2278,2058,2060
StoneMazePath,2264,2266,2064,2066
StoneMazePath,2276,2278,2061,2063
StoneMazeEndChest,2264,2266,2067,2069
StoneMazePath,2270,2272,2052,2054
StoneMazePath,2267,2269,2052,2054
StoneMazeEndChest,2264,2266,2061,2063
StoneMazePath,2279,2281,2061,2063
StoneMazePath,2267,2269,2049,2051
StoneMazePath,2264,2266,2052,2054
StoneMazePath,2264,2266,2049,2051
StoneMazePath,2282,2284,2061,2063
StoneMazePath,2270,2272,2049,2051
StoneMazePath,2279,2281,2064,2066
StoneMazePath,2282,2284,2052,2054
StoneMazePath,2282,2284,2049,2051
StoneMazePath,2273,2275,2061,2063
StoneMazeEndChest,2285,2287,2049,2051
StoneMazePath,2282,2284,2064,2066
StoneMazePath,2270,2272,2061,2063
StoneMazePath,2267,2269,2070,2072
StoneMazePath,2270,2272,2058,2060
StoneMazePath,2267,2269,2055,2057
StoneMazePath,2264,2266,2055,2057
StoneMazePath,2279,2281,2067,2069
StoneMazePath,2267,2269,2058,2060
StoneMazePath,2273,2275,2058,2060
StoneMazePath,2270,2272,2055,2057
StoneMazeEndChest,2264,2266,2058,2060
StoneMazeEndChest,2279,2281,2070,2072
StoneMazePath,2264,2266,2070,2072
StoneMazePath,2282,2284,2067,2069
StoneMazePath,2285,2287,2067,2069
StoneMazeEndChest,2267,2269,2061,2063
StoneMazePath,2285,2287,2070,2072
StoneMazeEndChest,2282,2284,2070,2072
StoneMazeSmall,2264,2287,2049,2072
RLCraft_BasicWitch,2125,2125,2093,2093
RLCraft_UndergroundRuin1,2122,2131,2090,2099
StonePlantMound3,2549,2560,2119,2128
StonePlantBoulder,2510,2520,2169,2179
P_LargeShip,2267,2285,2230,2290
StonePlantMound1,2466,2472,2255,2261
StoneBoulder,2445,2454,2291,2300
RLCraft_UndergroundFarm,2182,2225,2302,2344
StonePlantMound1,2469,2475,2324,2330
StoneMazePath,2137,2139,2374,2376
StoneMazePath,2110,2112,2347,2349
StoneMazePath,2125,2127,2329,2331
StoneMazePathBig,2134,2142,2365,2373
StoneMazeFountain,2134,2142,2356,2364
StoneMazePath,2143,2145,2368,2370
StoneMazePathBig,2113,2121,2344,2352
StoneMazePath,2110,2112,2344,2346
StoneMazeLitRoom,2122,2127,2332,2337
StoneMazePath,2131,2133,2368,2370
StoneMazeShootingRange,2146,2151,2362,2370
StoneMazePath,2110,2112,2350,2352
StoneMazePath,2122,2124,2329,2331
StoneMazeFountain,2134,2142,2347,2355
StoneMazePath,2128,2130,2332,2334
StoneMazePath,2128,2130,2368,2370
StoneMazeEndChest,2119,2121,2332,2334
StoneMazePath,2131,2133,2365,2367
StoneMazePath,2134,2136,2374,2376
StoneMazeStudy,2113,2127,2365,2373
StoneMazePath,2119,2121,2365,2367
StoneMazePath,2119,2121,2362,2364
StoneMazePath,2110,2112,2353,2355
StoneMazePath,2128,2130,2329,2331
StoneMazeFountain,2125,2133,2347,2355
StoneMazePath,2131,2133,2329,2331
StoneMazePathBig,2149,2157,2347,2355
StoneMazePath,2128,2130,2371,2373
StoneMazePath,2131,2133,2371,2373
StoneMazePath,2122,2124,2350,2352
StoneMazePath,2128,2130,2344,2346
StoneMazePath,2152,2154,2344,2346
StoneMazePath,2116,2118,2353,2355
StoneMazeEndChest,2119,2121,2353,2355
StoneMazePath,2125,2127,2344,2346
StoneMazePath,2131,2133,2359,2361
StoneMazePath,2131,2133,2374,2376
StoneMazePath,2131,2133,2362,2364
StoneMazePath,2131,2133,2332,2334
StoneMazePath,2110,2112,2341,2343
StoneMazePath,2122,2124,2353,2355
StoneMazePath,2110,2112,2338,2340
StoneMazeSpiderRoom,2113,2118,2335,2340
StoneMazePath,2128,2130,2362,2364
StoneMazePath,2131,2133,2344,2346
StoneMazePath,2152,2154,2341,2343
StoneMazeEndChest,2134,2136,2329,2331
StoneMazePath,2122,2124,2362,2364
StoneMazeEndChest,2128,2130,2335,2337
StoneMazePath,2143,2145,2365,2367
StoneMazePath,2128,2130,2365,2367
StoneMazeSpiderRoom,2131,2136,2335,2340
StoneMazeEndChest,2134,2136,2332,2334
StoneMazeEndChest,2143,2145,2371,2373
StoneMazePath,2116,2118,2362,2364
StoneMazePath,2134,2136,2344,2346
StoneMazePath,2128,2130,2359,2361
StoneMazeEndChest,2122,2124,2338,2340
StoneMazePath,2143,2145,2362,2364
StoneMazePath,2155,2157,2341,2343
StoneMazePath,2125,2127,2359,2361
StoneMazePath,2152,2154,2368,2370
StoneMazePath,2125,2127,2362,2364
StoneMazePath,2122,2124,2359,2361
StoneMazePath,2122,2124,2347,2349
StoneMazePath,2116,2118,2356,2358
StoneMazeEndChest,2143,2145,2350,2352
StoneMazePath,2122,2124,2356,2358
StoneMazePath,2119,2121,2356,2358
StoneMazePath,2113,2115,2353,2355
StoneMazePath,2149,2151,2341,2343
StoneMazePath,2125,2127,2356,2358
StoneMazePath,2152,2154,2365,2367
StoneMazePath,2128,2130,2374,2376
StoneMazePath,2119,2121,2359,2361
StoneMazePath,2149,2151,2338,2340
StoneMazeEndChest,2113,2115,2362,2364
StoneMazePath,2116,2118,2359,2361
StoneMazePath,2122,2124,2344,2346
StoneMazePath,2113,2115,2356,2358
StoneMazeEndChest,2110,2112,2356,2358
StoneMazePath,2128,2130,2341,2343
StoneMazeShootingRange,2143,2151,2356,2361
StoneMazeEndChest,2119,2121,2335,2337
StoneMazePath,2125,2127,2374,2376
StoneMazeEndChest,2128,2130,2356,2358
StoneMazePathBig,2146,2154,2329,2337
StoneMazeSpiderRoom,2140,2145,2332,2337
StoneMazePath,2128,2130,2338,2340
StoneMazePath,2146,2148,2350,2352
StoneMazePath,2146,2148,2347,2349
StoneMazePath,2125,2127,2341,2343
StoneMazePath,2152,2154,2362,2364
StoneMazeEndChest,2146,2148,2344,2346
StoneMazeShootingRange,2137,2142,2338,2346
StoneMazePath,2155,2157,2365,2367
StoneMazePath,2113,2115,2359,2361
StoneMazePath,2152,2154,2359,2361
StoneMazePath,2143,2145,2344,2346
StoneMazePath,2125,2127,2338,2340
StoneMazePath,2143,2145,2353,2355
StoneMazePath,2143,2145,2341,2343
StoneMazePath,2146,2148,2341,2343
StoneMazePath,2122,2124,2341,2343
StoneMazePath,2131,2133,2341,2343
StoneMazeEndChest,2110,2112,2359,2361
StoneMazePath,2143,2145,2338,2340
StoneMazePath,2119,2121,2341,2343
StoneMazePath,2155,2157,2368,2370
StoneMazePath,2116,2118,2341,2343
StoneMazeEndChest,2152,2154,2356,2358
StoneMazeEndChest,2134,2136,2341,2343
StoneMazePath,2146,2148,2338,2340
StoneMazePath,2155,2157,2371,2373
StoneMazeBig,2110,2157,2329,2376
ForestBeacon,2478,2486,2357,2365
P_SmallShip,2193,2199,2367,2387
P_SmallShip,2317,2323,2388,2408
RLCraft_DecentSkeleton,2523,2523,2420,2420
RLCraft_UndergroundRuin2,2518,2525,2415,2425
RLCraft_BasicSpider,2303,2303,2446,2446
RLCraft_UndergroundRuin1,2300,2309,2443,2452
RLCraft_BasicCaveSpider,2099,2099,2503,2503
RLCraft_UndergroundRuin1,2093,2102,2500,2509
StonePlantMound3,2362,2373,2521,2530
StoneLeafMound,2340,2349,2535,2542
