ShrineSmallAir,2873,2881,1564,1572
RLCraft_UndergroundFarm,2931,2974,1592,1634
UndergroundTreeoid,2794,2817,1647,1673
StoneMazePathBig,2721,2729,1755,1763
StoneMazeShootingRange,2727,2735,1728,1733
StoneMazePathBig,2724,2732,1734,1742
StoneMazePathBig,2715,2723,1734,1742
StoneMazePathBig,2721,2729,1746,1754
StoneMazeFountain,2706,2714,1740,1748
StoneMazePath,2739,2741,1740,1742
StoneMazePath,2712,2714,1737,1739
StoneMazePath,2715,2717,1743,1745
StoneMazePath,2709,2711,1737,1739
StoneMazePath,2706,2708,1737,1739
StoneMazePath,2712,2714,1734,1736
StoneMazePath,2736,2738,1740,1742
StoneMazePath,2718,2720,1743,1745
StoneMazePath,2733,2735,1740,1742
StoneMazePath,2736,2738,1737,1739
StoneMazePath,2709,2711,1734,1736
StoneMazePath,2733,2735,1737,1739
StoneMazePath,2718,2720,1746,1748
StoneMazePath,2739,2741,1737,1739
StoneMazePath,2718,2720,1731,1733
StoneMazePath,2721,2723,1743,1745
StoneMazePath,2718,2720,1749,1751
StoneMazePath,2712,2714,1731,1733
StoneMazePath,2724,2726,1743,1745
StoneMazePath,2736,2738,1734,1736
StoneMazePath,2736,2738,1743,1745
StoneMazePath,2736,2738,1746,1748
StoneMazePath,2715,2717,1749,1751
StoneMazeEndChest,2706,2708,1734,1736
StoneMazePath,2715,2717,1731,1733
StoneMazePath,2709,2711,1731,1733
StoneMazePath,2715,2717,1728,1730
StoneMazePath,2718,2720,1728,1730
StoneMazePath,2727,2729,1743,1745
StoneMazePath,2715,2717,1746,1748
StoneMazeStudy,2733,2741,1749,1763
StoneMazePath,2709,2711,1728,1730
StoneMazePath,2736,2738,1731,1733
StoneMazePath,2712,2714,1728,1730
StoneMazePath,2712,2714,1749,1751
StoneMazePath,2715,2717,1752,1754
StoneMazePath,2733,2735,1755,1757
StoneMazePath,2721,2723,1728,1730
StoneMazePath,2730,2732,1755,1757
StoneMazeShootingRange,2709,2714,1752,1760
StoneMazePath,2730,2732,1743,1745
StoneMazeEndChest,2709,2711,1749,1751
StoneMazePath,2724,2726,1728,1730
StoneMazePath,2730,2732,1758,1760
StoneMazeEndChest,2718,2720,1752,1754
StoneMazePath,2736,2738,1728,1730
StoneMazeEndChest,2739,2741,1728,1730
StoneMazePath,2706,2708,1752,1754
StoneMazePath,2733,2735,1743,1745
StoneMazePath,2733,2735,1746,1748
StoneMazePath,2730,2732,1752,1754
StoneMazePath,2715,2717,1755,1757
StoneMazePath,2706,2708,1755,1757
StoneMazeEndChest,2706,2708,1749,1751
StoneMazePath,2718,2720,1755,1757
StoneMazePath,2718,2720,1758,1760
StoneMazePath,2718,2720,1761,1763
StoneMazePath,2730,2732,1749,1751
StoneMazePath,2715,2717,1761,1763
StoneMazePath,2730,2732,1746,1748
StoneMazePath,2712,2714,1761,1763
StoneMazePath,2709,2711,1761,1763
StoneMazeEndChest,2715,2717,1758,1760
StoneMazePath,2706,2708,1761,1763
StoneMaze,2706,2741,1728,1763
RLCraft_DecentCaveSpider,2976,2976,1743,1743
RLCraft_UndergroundRuin2,2971,2978,1738,1748
ShrineSmallAir,2957,2965,1777,1785
RLCraft_DecentWitch,2677,2677,1797,1797
RLCraft_UndergroundRuin2,2672,2682,1792,1799
StoneMazePath,2589,2591,1899,1901
StoneMazePathBig,2592,2600,1896,1904
StoneMazeFountain,2604,2612,1899,1907
StoneMazePath,2607,2609,1908,1910
StoneMazePath,2589,2591,1902,1904
StoneMazePath,2604,2606,1908,1910
StoneMazePath,2607,2609,1896,1898
StoneMazeEndChest,2610,2612,1896,1898
StoneMazePath,2589,2591,1896,1898
StoneMazeEndChest,2589,2591,1893,1895
StoneMazePath,2604,2606,1896,1898
StoneMazePath,2607,2609,1893,1895
StoneMazePath,2607,2609,1890,1892
StoneMazePath,2607,2609,1911,1913
StoneMazePath,2610,2612,1893,1895
StoneMazePath,2604,2606,1893,1895
StoneMazePath,2601,2603,1908,1910
StoneMazePath,2601,2603,1896,1898
StoneMazePath,2601,2603,1893,1895
StoneMazePath,2601,2603,1899,1901
StoneMazePath,2604,2606,1890,1892
StoneMazePath,2610,2612,1908,1910
StoneMazePath,2589,2591,1905,1907
StoneMazePath,2589,2591,1908,1910
StoneMazeEndChest,2589,2591,1911,1913
StoneMazePath,2601,2603,1890,1892
StoneMazePath,2601,2603,1905,1907
StoneMazePath,2610,2612,1890,1892
StoneMazePath,2598,2600,1908,1910
StoneMazePath,2601,2603,1902,1904
StoneMazePath,2598,2600,1905,1907
StoneMazePath,2595,2597,1905,1907
StoneMazePath,2595,2597,1908,1910
StoneMazePath,2592,2594,1908,1910
StoneMazePath,2598,2600,1911,1913
StoneMazePath,2592,2594,1911,1913
StoneMazePath,2595,2597,1911,1913
StoneMazeSmall,2589,2612,1890,1913
StonePlantMound2,2800,2813,1898,1910
StonePlantMound3,2765,2774,1993,2004
RLCraft_LargeUndergroundTown,2731,2844,1899,2036
RLCraft_DecentSpider,2859,2859,2004,2004
RLCraft_UndergroundRuin3,2854,2862,1998,2006
UndergroundCrypt,3014,3042,1988,2002
StonePlantMound2,2842,2855,2026,2038
DinosaurSkull,2848,2859,2025,2044
StonePlantMound,2961,2966,2042,2047
