RLCraft_DecentZombie,3389,3389,3582,3582
RLCraft_UndergroundRuin3,3384,3392,3576,3584
StoneIceBoulder1,3304,3314,3449,3459
IceThorn3,3430,3444,3468,3482
P_Tent,3482,3491,3431,3440
P_WizardTower,3302,3332,3358,3388
StoneMazeFountain,3247,3255,3373,3381
StoneMazePath,3235,3237,3358,3360
StoneMazeStudy,3247,3255,3358,3372
StoneMazePath,3256,3258,3376,3378
StoneMazePath,3268,3270,3361,3363
StoneMazePath,3256,3258,3379,3381
StoneMazePath,3247,3249,3346,3348
StoneMazePath,3238,3240,3358,3360
StoneMazePath,3250,3252,3346,3348
StoneMazeEndChest,3253,3255,3364,3366
StoneMazePath,3238,3240,3361,3363
StoneMazePath,3241,3243,3358,3360
StoneMazePath,3247,3249,3349,3351
StoneMazePathBig,3259,3267,3358,3366
StoneMazePath,3247,3249,3352,3354
StoneMazePath,3259,3261,3376,3378
StoneMazePath,3235,3237,3361,3363
StoneMazePath,3259,3261,3379,3381
StoneMazePath,3238,3240,3355,3357
StoneMazeShootingRange,3262,3267,3370,3378
StoneMazePath,3244,3246,3346,3348
StoneMazePath,3247,3249,3355,3357
StoneMazePathBig,3259,3267,3349,3357
StoneMazePath,3241,3243,3361,3363
StoneMazePath,3262,3264,3367,3369
StoneMazePath,3262,3264,3346,3348
StoneMazePath,3244,3246,3349,3351
StoneMazePath,3268,3270,3376,3378
StoneMazePath,3265,3267,3346,3348
StoneMazePath,3235,3237,3364,3366
StoneMazePath,3238,3240,3352,3354
StoneMazePath,3250,3252,3352,3354
StoneMazePath,3238,3240,3364,3366
StoneMazePath,3244,3246,3355,3357
StoneMazePath,3259,3261,3346,3348
StoneMazePath,3250,3252,3349,3351
StoneMazePath,3268,3270,3379,3381
StoneMazePath,3235,3237,3355,3357
StoneMazePath,3250,3252,3355,3357
StoneMazePath,3241,3243,3355,3357
StoneMazeSpiderRoom,3238,3243,3367,3372
StoneMazePath,3253,3255,3349,3351
StoneMazePath,3244,3246,3361,3363
StoneMazePath,3253,3255,3352,3354
StoneMazeEndChest,3253,3255,3355,3357
StoneMazePath,3256,3258,3352,3354
StoneMazePath,3256,3258,3349,3351
StoneMazePath,3256,3258,3355,3357
StoneMazePath,3244,3246,3358,3360
StoneMazePath,3268,3270,3373,3375
StoneMazeEndChest,3241,3243,3364,3366
StoneMazeEndChest,3244,3246,3352,3354
StoneMazePath,3256,3258,3358,3360
StoneMazePath,3268,3270,3370,3372
StoneMazePath,3256,3258,3361,3363
StoneMazePath,3259,3261,3373,3375
StoneMazePath,3256,3258,3364,3366
StoneMazeEndChest,3235,3237,3367,3369
StoneMazePath,3259,3261,3370,3372
StoneMazePath,3256,3258,3370,3372
StoneMazePath,3256,3258,3367,3369
StoneMaze,3235,3270,3346,3381
RLCraft_BasicWitch,3111,3111,3352,3352
RLCraft_UndergroundRuin1,3108,3117,3349,3358
StoneIceBoulder2,3445,3454,3293,3302
StoneIceBoulder2,3372,3381,3219,3228
StoneIceBoulder1,3376,3386,3194,3204
RLCraft_SmallUndergroundSkeleton,3572,3580,3251,3259
